430000000
430000000
4.544042e+008
5.354831e+008
5.328869e+008
5.342629e+008
5.290038e+008
5.273339e+008
5.256865e+008
5.253244e+008
5.244433e+008
5.253529e+008
5.258160e+008
5.253285e+008
5.248235e+008
5.244324e+008
5.279184e+008
5.259399e+008
5.239408e+008
5.239298e+008
5.261568e+008
5.236669e+008
5.276325e+008
5.258998e+008
5.245503e+008
5.261109e+008
5.276119e+008
5.262342e+008
5.276730e+008
5.265322e+008
5.246464e+008
5.284360e+008
5.254241e+008
5.261399e+008
5.248954e+008
5.261258e+008
5.280168e+008
5.277969e+008
5.240184e+008
5.269397e+008
5.279708e+008
5.271209e+008
5.268432e+008
5.245265e+008
5.249568e+008
5.271301e+008
5.240898e+008
5.264925e+008
5.254450e+008
5.269561e+008
5.289048e+008
5.270980e+008
5.262318e+008
5.250499e+008
5.247360e+008
5.245157e+008
5.251779e+008
5.291400e+008
5.271944e+008
5.252317e+008
5.249861e+008
5.256622e+008
5.252775e+008
5.259773e+008
5.249323e+008
5.253882e+008
5.261477e+008
5.266383e+008
5.286971e+008
5.257752e+008
5.255984e+008
5.270420e+008
5.268822e+008
5.264123e+008
5.269178e+008
5.272155e+008
5.277992e+008
5.258282e+008
5.241776e+008
5.220730e+008
5.252998e+008
5.259634e+008
5.276376e+008
5.279782e+008
5.270853e+008
5.258113e+008
5.269259e+008
5.262806e+008
5.254398e+008
5.257733e+008
5.258788e+008
5.254312e+008
5.252632e+008
5.247145e+008
5.257457e+008
5.250883e+008
5.256021e+008
5.268807e+008
5.238480e+008
5.265226e+008
5.249532e+008
5.265624e+008
5.244010e+008
5.267003e+008
5.264518e+008
5.259143e+008
5.242344e+008
5.250610e+008
5.261192e+008
5.259354e+008
5.266128e+008
5.274258e+008
5.259754e+008
5.246350e+008
5.273339e+008
5.259735e+008
5.249756e+008
5.297972e+008
5.268560e+008
5.256332e+008
5.244329e+008
5.255056e+008
5.263154e+008
5.267988e+008
526018701
5.286706e+008
5.255713e+008
5.254766e+008
5.252185e+008
5.273014e+008
5.253000e+008
5.251407e+008
5.248660e+008
5.259861e+008
5.256311e+008
5.262840e+008
5.277682e+008
5.280859e+008
526586515
5.274954e+008
5.249108e+008
5.257172e+008
5.278193e+008
5.261539e+008
5.252619e+008
5.255520e+008
5.250579e+008
5.240522e+008
5.263051e+008
5.251021e+008
5.241506e+008
5.277751e+008
5.263971e+008
5.270878e+008
5.258278e+008
5.266176e+008
5.263938e+008
5.239349e+008
5.262979e+008
523740707
5.247330e+008
5.250158e+008
5.269108e+008
5.251830e+008
5.245912e+008
5.262428e+008
5.254044e+008
5.252825e+008
5.283913e+008
5.246824e+008
5.256465e+008
5.255604e+008
5.272858e+008
525087952
5.257784e+008
5.240280e+008
5.259892e+008
5.250929e+008
5.260446e+008
5.259189e+008
5.259594e+008
5.260880e+008
5.260403e+008
5.279591e+008
5.254232e+008
5.272115e+008
5.257951e+008
5.267622e+008
5.259077e+008
5.272350e+008
5.242147e+008
5.280452e+008
5.273833e+008
5.250904e+008
5.255667e+008
5.265704e+008
5.264513e+008
5.270614e+008
5.292457e+008
5.262069e+008
5.256356e+008
5.234450e+008
5.279506e+008
5.259497e+008
5.249884e+008
5.268294e+008
5.259504e+008
5.247918e+008
5.257079e+008
5.276427e+008
5.257356e+008
5.269427e+008
5.268008e+008
5.276579e+008
5.262341e+008
5.278161e+008
5.266877e+008
5.271932e+008
5.271696e+008
5.256147e+008
5.244861e+008
5.246302e+008
5.244585e+008
5.254560e+008
5.298222e+008
5.253994e+008
5.255923e+008
5.264280e+008
5.272635e+008
5.262636e+008
5.256523e+008
5.275811e+008
5.282713e+008
5.272894e+008
5.269467e+008
5.262808e+008
5.258505e+008
5.250555e+008
5.264334e+008
5.276915e+008
5.267658e+008
5.287447e+008
5.248932e+008
5.268463e+008
5.258316e+008
5.261604e+008
5.231214e+008
5.267903e+008
5.254024e+008
524157182
5.238799e+008
5.219671e+008
5.238486e+008
5.262755e+008
5.253163e+008
5.254333e+008
524772148
5.276026e+008
5.247440e+008
5.259069e+008
5.254707e+008
5.259064e+008
5.236669e+008
5.249667e+008
5.271836e+008
5.254678e+008
5.261086e+008
5.237841e+008
5.255749e+008
5.240726e+008
5.236058e+008
5.252565e+008
5.246433e+008
5.264229e+008
5.257905e+008
5.246698e+008
526033360
5.274940e+008
5.272710e+008
5.236137e+008
5.274457e+008
5.261185e+008
5.270430e+008
5.251244e+008
526134641
5.266123e+008
5.262659e+008
5.255262e+008
525792420
5.264038e+008
5.253709e+008
5.265176e+008
5.268308e+008
5.286119e+008
5.273755e+008
5.260962e+008
5.280072e+008
5.264587e+008
5.278884e+008
5.248232e+008
5.280994e+008
5.251374e+008
5.262641e+008
5.266589e+008
5.254757e+008
5.261489e+008
5.282527e+008
5.283504e+008
5.252492e+008
5.251487e+008
5.259846e+008
5.257433e+008
5.259345e+008
5.250053e+008
5.257188e+008
5.252086e+008
5.274984e+008
5.263785e+008
5.269455e+008
5.259290e+008
523903994
5.260222e+008
5.254484e+008
5.278060e+008
5.257082e+008
5.271592e+008
5.251610e+008
5.282936e+008
5.262335e+008
5.245435e+008
5.250689e+008
5.262639e+008
525789358
5.242325e+008
5.262405e+008
5.255276e+008
5.258234e+008
5.268210e+008
5.268125e+008
5.262616e+008
5.264298e+008
5.272967e+008
5.258250e+008
5.263423e+008
5.276700e+008
5.255553e+008
526164389
5.278228e+008
5.264768e+008
5.266817e+008
5.257275e+008
5.259407e+008
5.263963e+008
5.258755e+008
5.268082e+008
5.268892e+008
5.253271e+008
5.281399e+008
5.277940e+008
5.249625e+008
5.261454e+008
5.259969e+008
5.259659e+008
5.257786e+008
5.241559e+008
5.250875e+008
5.268571e+008
5.262732e+008
5.237707e+008
5.246242e+008
524917138
5.276225e+008
5.272203e+008
5.258190e+008
5.257183e+008
5.257586e+008
5.248510e+008
5.248160e+008
5.249954e+008
5.285220e+008
5.265222e+008
5.257533e+008
5.261919e+008
5.267044e+008
5.248358e+008
5.258977e+008
5.255415e+008
5.252731e+008
5.247647e+008
5.287948e+008
525076760
5.269861e+008
5.270264e+008
5.262094e+008
5.255057e+008
5.269602e+008
5.258452e+008
524386792
5.256681e+008
5.269796e+008
5.253856e+008
5.254060e+008
5.243074e+008
5.273226e+008
5.258727e+008
5.262004e+008
5.274727e+008
5.262989e+008
5.237092e+008
5.259530e+008
5.255385e+008
5.261027e+008
5.262785e+008
5.283279e+008
5.251628e+008
5.268370e+008
5.260741e+008
5.252689e+008
5.253256e+008
5.261424e+008
5.276626e+008
528020219
5.257572e+008
5.254206e+008
5.268204e+008
5.251077e+008
5.263770e+008
5.269872e+008
5.256967e+008
5.273508e+008
5.266820e+008
5.243336e+008
5.248606e+008
5.252068e+008
5.265860e+008
5.251295e+008
5.237463e+008
5.281353e+008
5.237601e+008
5.269270e+008
526952187
5.251558e+008
5.288366e+008
5.245681e+008
5.260784e+008
525379278
5.249865e+008
5.260147e+008
5.236634e+008
5.275410e+008
5.280870e+008
5.245841e+008
5.258389e+008
5.252759e+008
5.266088e+008
5.263759e+008
5.257872e+008
5.259292e+008
5.251227e+008
5.266038e+008
5.257860e+008
5.258774e+008
5.258605e+008
5.261469e+008
5.259080e+008
5.262989e+008
525293851
5.271658e+008
527791894
5.264720e+008
5.266125e+008
5.246261e+008
5.265329e+008
5.255112e+008
526286606
5.252231e+008
5.256637e+008
5.260970e+008
5.268991e+008
5.263188e+008
5.263565e+008
5.266866e+008
5.253784e+008
5.266510e+008
5.278305e+008
5.272455e+008
5.260198e+008
5.253748e+008
5.267229e+008
5.254992e+008
5.260476e+008
5.276940e+008
5.260654e+008
5.245571e+008
5.271918e+008
5.253269e+008
5.269487e+008
5.254755e+008
528153915
5.273985e+008
5.251432e+008
5.240258e+008
5.250845e+008
5.229263e+008
5.249752e+008
5.262073e+008
5.269315e+008
527250936
5.291457e+008
5.253501e+008
5.261102e+008
5.282425e+008
5.260563e+008
5.264107e+008
5.263732e+008
5.240091e+008
5.260551e+008
5.240747e+008
5.265423e+008
5.236135e+008
5.262251e+008
5.254371e+008
5.281287e+008
5.281980e+008
5.263669e+008
5.254009e+008
5.261628e+008
5.249729e+008
5.262383e+008
5.253857e+008
5.281018e+008
5.267208e+008
5.259278e+008
5.254937e+008
5.258049e+008
5.260237e+008
5.268036e+008
5.229052e+008
5.266133e+008
525814218
5.274125e+008
5.286394e+008
5.268285e+008
5.235414e+008
5.257449e+008
5.245835e+008
5.238769e+008
5.268047e+008
5.259683e+008
5.245812e+008
5.274125e+008
5.243027e+008
5.262411e+008
5.229010e+008
5.260644e+008
5.247771e+008
5.250136e+008
5.262734e+008
5.256080e+008
5.263971e+008
5.251650e+008
5.254368e+008
5.236603e+008
5.273629e+008
5.265133e+008
5.253526e+008
5.246940e+008
5.253642e+008
5.260440e+008
5.250289e+008
5.278324e+008
5.274064e+008
5.230650e+008
5.266439e+008
5.262219e+008
5.262837e+008
5.268571e+008
5.246316e+008
5.268600e+008
5.274078e+008
5.266727e+008
5.256150e+008
5.251609e+008
5.255238e+008
5.264224e+008
5.278025e+008
5.269607e+008
5.258588e+008
5.257290e+008
5.268163e+008
5.267439e+008
5.249743e+008
5.270157e+008
5.276456e+008
5.288324e+008
5.252584e+008
5.257221e+008
5.262107e+008
5.238670e+008
5.245147e+008
5.268111e+008
5.275309e+008
5.269930e+008
5.258810e+008
5.252207e+008
5.268401e+008
5.252822e+008
5.260016e+008
5.254337e+008
5.239211e+008
5.275584e+008
5.255630e+008
5.248306e+008
5.255341e+008
5.261325e+008
5.257599e+008
5.262592e+008
5.248911e+008
5.251244e+008
5.246320e+008
5.267682e+008
5.265542e+008
5.258276e+008
526258248
5.254713e+008
5.251391e+008
5.253002e+008
5.260955e+008
5.248843e+008
5.270139e+008
5.238019e+008
5.252059e+008
5.239795e+008
5.256389e+008
5.261433e+008
5.256555e+008
5.255193e+008
526352174
5.254621e+008
5.281636e+008
5.272487e+008
5.267535e+008
5.279999e+008
5.273023e+008
5.242372e+008
5.261022e+008
5.281402e+008
5.273598e+008
5.253920e+008
5.256082e+008
5.254700e+008
5.262511e+008
5.266704e+008
5.242695e+008
5.261456e+008
5.259706e+008
5.275928e+008
525223749
5.256450e+008
5.270771e+008
5.257899e+008
5.263214e+008
5.267017e+008
5.259834e+008
5.276814e+008
5.279420e+008
5.276550e+008
5.261490e+008
5.247548e+008
5.240267e+008
524683686
5.273506e+008
5.257579e+008
5.255544e+008
5.261554e+008
5.261457e+008
5.259298e+008
5.276155e+008
5.260607e+008
5.269015e+008
5.250225e+008
5.266286e+008
5.244754e+008
5.250452e+008
5.238973e+008
5.282341e+008
5.266117e+008
5.253163e+008
5.263089e+008
5.271774e+008
5.241565e+008
5.254348e+008
5.246939e+008
5.265188e+008
5.247987e+008
5.268900e+008
5.269438e+008
5.236521e+008
5.243064e+008
5.262827e+008
5.245246e+008
5.255067e+008
5.245886e+008
5.255224e+008
5.254793e+008
5.247052e+008
5.253845e+008
5.263456e+008
5.255853e+008
526935030
5.265989e+008
5.276819e+008
5.250935e+008
5.281584e+008
5.249989e+008
5.251045e+008
5.247695e+008
5.247857e+008
5.253057e+008
5.243385e+008
5.243145e+008
5.260652e+008
5.266882e+008
5.273317e+008
5.259438e+008
5.265966e+008
5.258109e+008
5.270164e+008
5.285420e+008
5.264778e+008
5.251602e+008
5.263322e+008
5.263514e+008
5.258940e+008
5.278514e+008
5.259453e+008
5.255897e+008
5.271262e+008
5.267210e+008
5.265643e+008
5.254829e+008
5.264876e+008
5.278099e+008
5.249728e+008
5.268270e+008
5.259167e+008
5.260705e+008
5.262151e+008
5.258195e+008
5.255490e+008
5.255018e+008
5.252470e+008
5.258750e+008
5.253567e+008
5.250765e+008
5.257738e+008
5.256116e+008
5.264326e+008
5.267823e+008
5.253721e+008
5.255024e+008
5.266990e+008
5.256968e+008
5.274789e+008
5.260821e+008
5.267401e+008
5.243282e+008
5.244115e+008
5.249340e+008
5.260810e+008
5.251934e+008
5.238178e+008
5.245168e+008
5.276730e+008
526982616
5.266149e+008
5.259418e+008
5.269931e+008
5.275568e+008
5.263196e+008
5.287689e+008
5.254464e+008
526480017
5.251522e+008
5.243851e+008
5.262487e+008
5.252641e+008
5.248925e+008
5.241248e+008
5.239503e+008
5.264965e+008
5.273205e+008
5.260286e+008
5.265773e+008
5.249814e+008
5.267733e+008
5.258320e+008
5.257522e+008
5.241098e+008
5.260554e+008
5.271749e+008
5.256149e+008
5.250957e+008
5.272091e+008
5.266313e+008
5.245134e+008
5.291894e+008
5.254169e+008
5.258799e+008
5.266929e+008
5.256290e+008
5.272269e+008
5.258463e+008
5.284318e+008
5.268799e+008
5.252000e+008
5.280674e+008
5.269877e+008
5.256010e+008
5.263526e+008
5.270811e+008
5.282392e+008
5.262580e+008
5.259453e+008
5.253303e+008
5.247849e+008
526368760
5.265557e+008
5.262611e+008
5.267810e+008
5.270130e+008
5.255540e+008
5.271664e+008
5.284675e+008
5.247791e+008
5.260136e+008
5.264711e+008
5.264258e+008
5.263165e+008
5.251888e+008
5.256167e+008
5.238001e+008
5.236942e+008
5.261023e+008
5.269863e+008
5.271887e+008
5.272788e+008
5.247323e+008
5.261649e+008
5.271370e+008
5.257430e+008
5.250614e+008
5.265871e+008
5.245530e+008
5.250136e+008
5.269725e+008
5.250751e+008
5.264354e+008
5.236882e+008
5.258549e+008
5.265264e+008
5.242337e+008
5.257526e+008
5.264441e+008
5.268583e+008
5.254548e+008
5.260670e+008
5.278968e+008
5.271235e+008
5.261484e+008
5.264429e+008
5.260439e+008
5.268623e+008
5.283151e+008
5.270141e+008
5.252951e+008
5.269514e+008
5.256301e+008
5.256184e+008
5.251205e+008
5.253967e+008
5.254299e+008
5.272300e+008
5.261965e+008
5.257796e+008
5.250392e+008
5.243804e+008
5.274720e+008
5.257117e+008
5.268812e+008
5.268121e+008
5.262685e+008
5.269019e+008
5.259914e+008
5.243486e+008
5.251656e+008
5.251646e+008
526192657
5.254537e+008
5.253958e+008
5.258934e+008
5.230769e+008
5.254467e+008
5.274542e+008
5.236961e+008
5.262587e+008
5.251147e+008
5.257552e+008
5.236412e+008
5.256665e+008
5.237722e+008
5.271107e+008
5.277209e+008
5.258922e+008
5.256128e+008
5.246570e+008
5.275063e+008
5.257154e+008
5.280995e+008
5.250231e+008
5.271318e+008
5.279764e+008
5.268783e+008
5.263777e+008
5.267727e+008
5.252753e+008
5.290063e+008
5.254180e+008
5.259501e+008
5.247107e+008
5.259868e+008
5.263066e+008
5.240324e+008
5.248000e+008
5.250828e+008
5.246323e+008
5.253420e+008
5.257677e+008
5.253867e+008
5.246900e+008
5.274302e+008
5.260161e+008
5.259373e+008
5.259919e+008
525507907
