4.162700e+001
4.039150e+001
3.914900e+001
4.121050e+001
4.222450e+001
4.088550e+001
4.381250e+001
4.061350e+001
3.963500e+001
4.046100e+001
4.221750e+001
4.293450e+001
4.037000e+001
3.983100e+001
3.932000e+001
4.010700e+001
4.240400e+001
3.932150e+001
3.939050e+001
3.990900e+001
4.368800e+001
3.980350e+001
4.131750e+001
3.932100e+001
4.431900e+001
3.860400e+001
4.130050e+001
4.176550e+001
4.315850e+001
4.381600e+001
4.195300e+001
4.317050e+001
4.270350e+001
4.266600e+001
4.371950e+001
4.422150e+001
4.491350e+001
4.082650e+001
3.924850e+001
4.056500e+001
4.210850e+001
4.556250e+001
3.931750e+001
4.289750e+001
4.442000e+001
4.295000e+001
4.002700e+001
4.065450e+001
4.676800e+001
4.231450e+001
4.052450e+001
4.182950e+001
4.198900e+001
4.375300e+001
4.217850e+001
4.005950e+001
3.890950e+001
4.224900e+001
4.373950e+001
4.409600e+001
4.278050e+001
4.034050e+001
4.286600e+001
4.332900e+001
4.246450e+001
4.296850e+001
4.268400e+001
4.079150e+001
4.063900e+001
4.254000e+001
4.301900e+001
4.500500e+001
4.337400e+001
4.690350e+001
4.104650e+001
4.423600e+001
4.215900e+001
4.276050e+001
3.898900e+001
4.276100e+001
4.542800e+001
4.344950e+001
4.069050e+001
4.090150e+001
4.304000e+001
3.921850e+001
4.179000e+001
4.239450e+001
4.070800e+001
4.415100e+001
4.096350e+001
4.174500e+001
4.383450e+001
4.519450e+001
4.278400e+001
4.125100e+001
4.121350e+001
4.168150e+001
4.008400e+001
3.949900e+001
3.976700e+001
4.094250e+001
3.986900e+001
4.124850e+001
4.156850e+001
4.050550e+001
4.237350e+001
3.964250e+001
4.081650e+001
4.193800e+001
4.083600e+001
4.209950e+001
4.006200e+001
4.038100e+001
4.111900e+001
4.096150e+001
4.069700e+001
4.048300e+001
4.095200e+001
4.088150e+001
4.305750e+001
4.332750e+001
4.483950e+001
4.111150e+001
4.278900e+001
4.404550e+001
4.065850e+001
3.957250e+001
4.208850e+001
4.302350e+001
4.540850e+001
4.260350e+001
4.261700e+001
4.263900e+001
4.332500e+001
4.204050e+001
4.319300e+001
4.130400e+001
4.390600e+001
3.916050e+001
4.017350e+001
4.138600e+001
4.134250e+001
4.068000e+001
4.142950e+001
4.174900e+001
4.150350e+001
4.179300e+001
4.208550e+001
4.176500e+001
4.011950e+001
4.035300e+001
4.159000e+001
4.101000e+001
4.152400e+001
4.159750e+001
3.913800e+001
4.152400e+001
4.350800e+001
4.265450e+001
4.248500e+001
4.410000e+001
4.300600e+001
4.216600e+001
4.111650e+001
4.222600e+001
4.437200e+001
3.990000e+001
4.212100e+001
4.301600e+001
4.345650e+001
4.241550e+001
4.304700e+001
4.140500e+001
4.185450e+001
4.304400e+001
4.179950e+001
4.412950e+001
4.293250e+001
4.307950e+001
4.433800e+001
4.208200e+001
3.971000e+001
4.153300e+001
4.049650e+001
4.046150e+001
4.215850e+001
3.994050e+001
4.217550e+001
4.233000e+001
4.195300e+001
4.437700e+001
4.338900e+001
4.479150e+001
4.266200e+001
4.539000e+001
4.393150e+001
4.074750e+001
4.062900e+001
4.097300e+001
4.148550e+001
4.238300e+001
4.392500e+001
4.202050e+001
4.143000e+001
4.093950e+001
4.044050e+001
4.183500e+001
3.814000e+001
4.045850e+001
4.353800e+001
4.140900e+001
4.179750e+001
4.122750e+001
4.422150e+001
4.506600e+001
4.265150e+001
4.023050e+001
3.892250e+001
4.140550e+001
3.875400e+001
4.091600e+001
4.215600e+001
3.886750e+001
3.838350e+001
4.238350e+001
4.239850e+001
4.003550e+001
4.246100e+001
4.096000e+001
4.187000e+001
4.128050e+001
4.160450e+001
4.092000e+001
4.332550e+001
4.410400e+001
4.175200e+001
4.212000e+001
4.022850e+001
4.356450e+001
4.048500e+001
4.261050e+001
4.284450e+001
3.932300e+001
4.006050e+001
4.240400e+001
4.005850e+001
4.261900e+001
4.072000e+001
4.267650e+001
4.039000e+001
4.011700e+001
4.056800e+001
4.106200e+001
4.001850e+001
4.174800e+001
4.188550e+001
4.035250e+001
3.943400e+001
4.274650e+001
4.347750e+001
3.967250e+001
4.233050e+001
4.199050e+001
4.378300e+001
4.507750e+001
4.427500e+001
4.198000e+001
4.150850e+001
4.315250e+001
4.022650e+001
4.287950e+001
4.206150e+001
4.040500e+001
4.039050e+001
4.125150e+001
4.274300e+001
4.108300e+001
4.429550e+001
4.351500e+001
4.259850e+001
4.032150e+001
4.326350e+001
4.294300e+001
4.061850e+001
4.249450e+001
4.372050e+001
4.305450e+001
4.111300e+001
4.089900e+001
4.131750e+001
4.236950e+001
4.211600e+001
3.677750e+001
4.032500e+001
3.799150e+001
3.828200e+001
3.879150e+001
4.075000e+001
4.117100e+001
4.033050e+001
4.159650e+001
4.248600e+001
4.153250e+001
3.832350e+001
4.332250e+001
4.082300e+001
3.943550e+001
4.145750e+001
4.070400e+001
3.910350e+001
3.895850e+001
4.433800e+001
3.991500e+001
3.934000e+001
4.145900e+001
4.210700e+001
4.528600e+001
4.495700e+001
4.177850e+001
4.302800e+001
3.992750e+001
4.468250e+001
4.070750e+001
4.353750e+001
4.301000e+001
3.881400e+001
4.198750e+001
4.180900e+001
4.279600e+001
4.086250e+001
4.288900e+001
4.346950e+001
4.297850e+001
4.427050e+001
4.353150e+001
4.507200e+001
4.475750e+001
4.533800e+001
4.584950e+001
4.364500e+001
4.595200e+001
4.366900e+001
4.363550e+001
4.384400e+001
4.294500e+001
4.447250e+001
4.446250e+001
4.287700e+001
4.653300e+001
4.243850e+001
4.016150e+001
4.101850e+001
3.912200e+001
4.156800e+001
4.051600e+001
4.072400e+001
4.077650e+001
4.108800e+001
4.267100e+001
4.159850e+001
4.075650e+001
4.340900e+001
4.320950e+001
4.180150e+001
4.013450e+001
4.155650e+001
3.983950e+001
4.365350e+001
3.928000e+001
4.121050e+001
3.923400e+001
4.174500e+001
4.049850e+001
3.921400e+001
4.016950e+001
4.047750e+001
4.071550e+001
3.926100e+001
4.312550e+001
4.442800e+001
4.321300e+001
4.046000e+001
4.027000e+001
4.250200e+001
4.401850e+001
4.362950e+001
3.885200e+001
4.151000e+001
4.300200e+001
4.122600e+001
4.448400e+001
4.225400e+001
4.298550e+001
4.198850e+001
4.188700e+001
3.980850e+001
4.088750e+001
4.064000e+001
4.243400e+001
4.145150e+001
4.269800e+001
4.254500e+001
4.238050e+001
4.250300e+001
4.248200e+001
4.310750e+001
4.147000e+001
4.330450e+001
4.392100e+001
4.170200e+001
4.304450e+001
4.067400e+001
4.112600e+001
4.519400e+001
4.169050e+001
4.251400e+001
4.098950e+001
4.150900e+001
4.283550e+001
4.420850e+001
4.177750e+001
4.244300e+001
4.416350e+001
4.257350e+001
4.148150e+001
4.276050e+001
4.296400e+001
4.188600e+001
4.091150e+001
4.324600e+001
4.212150e+001
3.930700e+001
4.231850e+001
3.970500e+001
3.978700e+001
4.458650e+001
4.168000e+001
4.383600e+001
4.207950e+001
3.923800e+001
3.965450e+001
4.321300e+001
3.960700e+001
4.149300e+001
4.289900e+001
4.098100e+001
4.303650e+001
4.195150e+001
4.281950e+001
4.413950e+001
4.320950e+001
4.317450e+001
4.217050e+001
4.237450e+001
4.062500e+001
4.082650e+001
4.196900e+001
4.255100e+001
4.443200e+001
4.301000e+001
4.268050e+001
4.365200e+001
4.050950e+001
4.059550e+001
3.958450e+001
3.817950e+001
4.311050e+001
4.338150e+001
4.031400e+001
4.117600e+001
4.519350e+001
4.279500e+001
4.238300e+001
3.975800e+001
4.351250e+001
4.272150e+001
4.178300e+001
4.266950e+001
4.119600e+001
4.298950e+001
4.189850e+001
4.257200e+001
4.528100e+001
4.405600e+001
4.330750e+001
4.003700e+001
4.323250e+001
4.215150e+001
4.303700e+001
4.619200e+001
4.038550e+001
4.150500e+001
4.474500e+001
4.119400e+001
4.155800e+001
4.232700e+001
3.924300e+001
4.056400e+001
4.383200e+001
4.114900e+001
4.248500e+001
4.148950e+001
4.252550e+001
4.216400e+001
4.194150e+001
4.223100e+001
4.206100e+001
4.238800e+001
4.262750e+001
4.200650e+001
4.273150e+001
4.312950e+001
4.296150e+001
4.447300e+001
4.142200e+001
4.325350e+001
4.153700e+001
4.401200e+001
4.122800e+001
4.511900e+001
4.230800e+001
4.446850e+001
4.494350e+001
4.418850e+001
4.207000e+001
4.312900e+001
4.158700e+001
4.110250e+001
4.228000e+001
4.327250e+001
4.476550e+001
4.139400e+001
4.240500e+001
3.914250e+001
4.394950e+001
4.189300e+001
4.382000e+001
4.402350e+001
4.537050e+001
4.362650e+001
4.351450e+001
4.317700e+001
4.356950e+001
4.308700e+001
4.156200e+001
4.416500e+001
4.362550e+001
4.313650e+001
4.256600e+001
4.039300e+001
4.260400e+001
4.174500e+001
4.159300e+001
4.190500e+001
4.029050e+001
4.107750e+001
4.394800e+001
4.217600e+001
4.200200e+001
4.240250e+001
4.183850e+001
4.508050e+001
4.303600e+001
4.110250e+001
4.390000e+001
4.252750e+001
4.421300e+001
4.193400e+001
4.277100e+001
4.164700e+001
4.239250e+001
4.231450e+001
4.194250e+001
4.276950e+001
4.212750e+001
3.961950e+001
4.079150e+001
4.059050e+001
4.362800e+001
4.467150e+001
4.389250e+001
4.470050e+001
4.308400e+001
4.192500e+001
4.100850e+001
3.936350e+001
3.978250e+001
4.028350e+001
4.127500e+001
3.950650e+001
4.098050e+001
4.136250e+001
3.991900e+001
4.149850e+001
4.229900e+001
4.182900e+001
4.390300e+001
4.261550e+001
4.236300e+001
4.515800e+001
4.415350e+001
4.543200e+001
4.497300e+001
4.238250e+001
4.189900e+001
4.403700e+001
4.248050e+001
4.368700e+001
4.352250e+001
4.169000e+001
4.124850e+001
3.935100e+001
4.325800e+001
4.334350e+001
4.214800e+001
4.242550e+001
4.110650e+001
4.155000e+001
4.323650e+001
4.524150e+001
4.277550e+001
4.373300e+001
4.256150e+001
4.148450e+001
4.417800e+001
4.514350e+001
4.148250e+001
4.328100e+001
4.339150e+001
4.469150e+001
4.326950e+001
4.290900e+001
4.551000e+001
4.258350e+001
4.342950e+001
4.170200e+001
4.069200e+001
4.212100e+001
4.259850e+001
3.956000e+001
4.190400e+001
4.153550e+001
4.061450e+001
4.066000e+001
4.372400e+001
4.174250e+001
3.963500e+001
4.220600e+001
4.212500e+001
4.079850e+001
4.041750e+001
4.217600e+001
4.283950e+001
4.130500e+001
4.424000e+001
4.580950e+001
4.499300e+001
4.262550e+001
4.484500e+001
4.504350e+001
3.953750e+001
4.152650e+001
4.263400e+001
4.568300e+001
4.142500e+001
4.142200e+001
4.487400e+001
4.457700e+001
4.591000e+001
4.720700e+001
4.173950e+001
4.425450e+001
4.386850e+001
4.196850e+001
4.104600e+001
4.387300e+001
4.275650e+001
4.163950e+001
4.258500e+001
4.190600e+001
4.299950e+001
4.296850e+001
4.468050e+001
4.341450e+001
4.447000e+001
4.267650e+001
4.092950e+001
3.987600e+001
4.266050e+001
4.222650e+001
4.431800e+001
4.362950e+001
4.439300e+001
4.317350e+001
4.514850e+001
4.546700e+001
4.428000e+001
4.273900e+001
3.975000e+001
4.028550e+001
3.957200e+001
4.020950e+001
4.402950e+001
4.268250e+001
4.374750e+001
4.554050e+001
4.219200e+001
4.383200e+001
4.325850e+001
4.235050e+001
4.508400e+001
4.444450e+001
4.415750e+001
4.262400e+001
4.294700e+001
4.232350e+001
3.931300e+001
4.322550e+001
4.011000e+001
4.004100e+001
4.013800e+001
4.130950e+001
4.083500e+001
4.391500e+001
4.345400e+001
4.055800e+001
4.047300e+001
4.264100e+001
4.046550e+001
4.272200e+001
4.312300e+001
4.302450e+001
4.248200e+001
4.179700e+001
3.932950e+001
4.393650e+001
4.326050e+001
4.497750e+001
4.405500e+001
4.223450e+001
4.076500e+001
4.208550e+001
4.191100e+001
4.346300e+001
4.153200e+001
3.846000e+001
4.191050e+001
4.496550e+001
4.113750e+001
4.143700e+001
4.245050e+001
4.140700e+001
4.084100e+001
4.043650e+001
3.923000e+001
4.075700e+001
4.293900e+001
3.915950e+001
4.135350e+001
3.881100e+001
4.254650e+001
3.992500e+001
4.138550e+001
4.134850e+001
3.985950e+001
4.196150e+001
4.224300e+001
4.159550e+001
4.126000e+001
4.225050e+001
4.137150e+001
4.156150e+001
3.879750e+001
4.166400e+001
3.929650e+001
4.319900e+001
4.114300e+001
4.018950e+001
4.204550e+001
4.144050e+001
4.267750e+001
3.961350e+001
4.133100e+001
3.915200e+001
4.323300e+001
4.385150e+001
4.201900e+001
4.377900e+001
4.005300e+001
4.234050e+001
4.407950e+001
4.364350e+001
4.445900e+001
4.487500e+001
4.326550e+001
4.177600e+001
4.539100e+001
4.284100e+001
4.141700e+001
4.401850e+001
3.992550e+001
4.125000e+001
4.027300e+001
4.428650e+001
4.038250e+001
4.386100e+001
4.248150e+001
4.412750e+001
4.509900e+001
4.192750e+001
4.116200e+001
4.102850e+001
4.133500e+001
4.065050e+001
4.202950e+001
4.153150e+001
4.044500e+001
4.307200e+001
4.098850e+001
4.197550e+001
4.086050e+001
4.332550e+001
4.246050e+001
4.240850e+001
4.532950e+001
4.434100e+001
4.198900e+001
4.444250e+001
4.361350e+001
4.428250e+001
4.370100e+001
4.309850e+001
4.509450e+001
4.568200e+001
4.228650e+001
4.369550e+001
4.375550e+001
4.380500e+001
4.326150e+001
4.559500e+001
4.332700e+001
4.089100e+001
4.304500e+001
4.239150e+001
4.165650e+001
4.156600e+001
3.975450e+001
4.496650e+001
4.298150e+001
4.346000e+001
4.215900e+001
4.004400e+001
4.135950e+001
4.284350e+001
4.394950e+001
4.332900e+001
4.501550e+001
4.478550e+001
4.404250e+001
3.933000e+001
4.061250e+001
4.164400e+001
4.004950e+001
4.026150e+001
3.999500e+001
4.161300e+001
4.085750e+001
4.299450e+001
4.019300e+001
4.179700e+001
4.012000e+001
4.065750e+001
4.113850e+001
3.985550e+001
4.127950e+001
4.137550e+001
4.062750e+001
4.090300e+001
4.293400e+001
4.098150e+001
4.125150e+001
4.211800e+001
4.315700e+001
4.045250e+001
4.418000e+001
4.251550e+001
4.381950e+001
4.248800e+001
4.214450e+001
4.550800e+001
4.142600e+001
4.544700e+001
4.408200e+001
4.386450e+001
4.295500e+001
4.292500e+001
4.359350e+001
4.037500e+001
4.262550e+001
4.314850e+001
4.274000e+001
4.151650e+001
4.238700e+001
4.359750e+001
4.232400e+001
4.364100e+001
4.412350e+001
4.313550e+001
4.210050e+001
4.148450e+001
4.247750e+001
4.133000e+001
4.170350e+001
4.244350e+001
4.201850e+001
4.189100e+001
4.171650e+001
4.597500e+001
4.409900e+001
4.320100e+001
4.248550e+001
4.360150e+001
4.145250e+001
4.108700e+001
4.145900e+001
4.055250e+001
4.049400e+001
4.312950e+001
4.319800e+001
4.229550e+001
4.271150e+001
4.261100e+001
4.214600e+001
4.470800e+001
4.214400e+001
4.177600e+001
4.318900e+001
4.254100e+001
4.320350e+001
4.027900e+001
4.293550e+001
4.182800e+001
4.362400e+001
4.264950e+001
4.122200e+001
4.186300e+001
4.406250e+001
4.322750e+001
4.133750e+001
4.141700e+001
3.948800e+001
4.247000e+001
4.434500e+001
4.191600e+001
4.286950e+001
4.306950e+001
4.117050e+001
4.314400e+001
4.231950e+001
4.132500e+001
4.156450e+001
4.158600e+001
4.243600e+001
4.106800e+001
4.173800e+001
4.014600e+001
4.238200e+001
4.283400e+001
4.143550e+001
4.126850e+001
4.045750e+001
4.415950e+001
4.161500e+001
4.317050e+001
4.289200e+001
4.581650e+001
4.403600e+001
4.406400e+001
4.401300e+001
4.138800e+001
4.119100e+001
4.232600e+001
3.997650e+001
4.241950e+001
4.014900e+001
4.261500e+001
4.194700e+001
4.041250e+001
4.162200e+001
4.403850e+001
4.087750e+001
4.187200e+001
4.369450e+001
4.285200e+001
4.350600e+001
4.149100e+001
4.305800e+001
4.085850e+001
4.259700e+001
4.120500e+001
3.971500e+001
4.086850e+001
4.196200e+001
4.082050e+001
4.205400e+001
3.944900e+001
4.499800e+001
4.222450e+001
4.302250e+001
4.088550e+001
4.300900e+001
4.448600e+001
4.339500e+001
4.228050e+001
4.141850e+001
4.158350e+001
4.298750e+001
4.061650e+001
4.184800e+001
4.191750e+001
4.390850e+001
4.403550e+001
4.026350e+001
4.140600e+001
3.997750e+001
4.237500e+001
4.131450e+001
3.935700e+001
4.233500e+001
3.887650e+001
4.368500e+001
4.150350e+001
4.292650e+001
4.043550e+001
4.089450e+001
4.286300e+001
4.482000e+001
4.356550e+001
4.284750e+001
4.263500e+001
4.398000e+001
4.177050e+001
4.409850e+001
4.326350e+001
4.193000e+001
4.613150e+001
4.502000e+001
4.642100e+001
4.356600e+001
4.488300e+001
4.392350e+001
4.638900e+001
4.454800e+001
4.559900e+001
4.305150e+001
4.623700e+001
4.432800e+001
4.342550e+001
4.364950e+001
4.230600e+001
4.176950e+001
4.149650e+001
4.110500e+001
4.143600e+001
4.297000e+001
4.339300e+001
4.178000e+001
4.162650e+001
4.056300e+001
4.431550e+001
4.481300e+001
4.240500e+001
4.466650e+001
4.399450e+001
4.519400e+001
4.307550e+001
4.297850e+001
4.240400e+001
4.273050e+001
4.147500e+001
4.255050e+001
4.214800e+001
4.042450e+001
4.245250e+001
4.362850e+001
4.668400e+001
4.544500e+001
4.265000e+001
4.406450e+001
4.242500e+001
4.321800e+001
4.332400e+001
4.204800e+001
4.098900e+001
4.416850e+001
4.184100e+001
4.619850e+001
4.270450e+001
4.551500e+001
4.337150e+001
4.610250e+001
4.358900e+001
4.381900e+001
4.232650e+001
4.586700e+001
4.459500e+001
4.258500e+001
4.246150e+001
4.343350e+001
4.310450e+001
4.200050e+001
4.252550e+001
4.091000e+001
4.155350e+001
4.109100e+001
4.213400e+001
4.468750e+001
4.480950e+001
4.188800e+001
4.458600e+001
4.552600e+001
4.525300e+001
4.660950e+001
4.610000e+001
4.398800e+001
4.540000e+001
4.398150e+001
4.527000e+001
4.521150e+001
4.470450e+001
4.313700e+001
4.454500e+001
4.438050e+001
4.430450e+001
4.067650e+001
4.183050e+001
4.210400e+001
4.446950e+001
3.986950e+001
3.995100e+001
4.184000e+001
4.201650e+001
4.248800e+001
4.086900e+001
4.214050e+001
4.189000e+001
4.273250e+001
4.363100e+001
4.657900e+001
4.352100e+001
4.464450e+001
4.125300e+001
4.255300e+001
4.330400e+001
4.451550e+001
4.609350e+001
4.460800e+001
4.854150e+001
4.253650e+001
4.385000e+001
4.300750e+001
4.590700e+001
4.734800e+001
4.297550e+001
4.459600e+001
4.572450e+001
4.656550e+001
4.270600e+001
4.035350e+001
4.262500e+001
4.209450e+001
3.972150e+001
4.112200e+001
4.314600e+001
4.570450e+001
4.502850e+001
4.312350e+001
4.386650e+001
4.347600e+001
4.098950e+001
3.857600e+001
4.231800e+001
4.351050e+001
4.506700e+001
4.582400e+001
4.481600e+001
4.336850e+001
4.338850e+001
4.363400e+001
4.221750e+001
4.585600e+001
4.112150e+001
4.320700e+001
4.342300e+001
4.705500e+001
4.391100e+001
4.426050e+001
4.172950e+001
4.145850e+001
4.459700e+001
4.343750e+001
4.317100e+001
4.228950e+001
4.254000e+001
4.215300e+001
3.989850e+001
4.291400e+001
4.369700e+001
4.177700e+001
4.156200e+001
4.321050e+001
4.068400e+001
4.536500e+001
4.283900e+001
4.287200e+001
4.147950e+001
4.259800e+001
4.041600e+001
4.389050e+001
4.035600e+001
4.293750e+001
4.235750e+001
4.285750e+001
4.134400e+001
4.117050e+001
3.927400e+001
4.211400e+001
4.342250e+001
4.132450e+001
4.161550e+001
4.109750e+001
4.275250e+001
4.306500e+001
4.442150e+001
4.439850e+001
4.136750e+001
4.151100e+001
4.235150e+001
4.232150e+001
4.191550e+001
4.076050e+001
4.218850e+001
4.129350e+001
4.220900e+001
4.202550e+001
4.059900e+001
4.203650e+001
4.428800e+001
4.276400e+001
4.609600e+001
4.448650e+001
4.245850e+001
4.328300e+001
4.151850e+001
4.056650e+001
4.226700e+001
4.445400e+001
4.377650e+001
4.313800e+001
3.884300e+001
4.206800e+001
4.202000e+001
4.089200e+001
4.062100e+001
4.131750e+001
4.189900e+001
4.329550e+001
4.257900e+001
3.976400e+001
4.109050e+001
4.206850e+001
4.216300e+001
4.103450e+001
4.369850e+001
4.299500e+001
4.183800e+001
4.404150e+001
4.667750e+001
4.531050e+001
4.432700e+001
4.222550e+001
4.254550e+001
4.544600e+001
4.106250e+001
4.398800e+001
4.320150e+001
4.274550e+001
4.255400e+001
4.072700e+001
4.501300e+001
4.285750e+001
4.102950e+001
4.160200e+001
4.025750e+001
4.344850e+001
4.056250e+001
4.168950e+001
4.017100e+001
4.113400e+001
4.303000e+001
4.037400e+001
3.991700e+001
4.103450e+001
4.383150e+001
4.383300e+001
4.094300e+001
4.053700e+001
4.201550e+001
4.008000e+001
4.388100e+001
4.560550e+001
4.547750e+001
4.159300e+001
4.382600e+001
4.258950e+001
4.294950e+001
4.388300e+001
4.363350e+001
4.339250e+001
4.322550e+001
4.392400e+001
4.223200e+001
4.376700e+001
4.188100e+001
4.441050e+001
4.056500e+001
4.306850e+001
4.425450e+001
4.534350e+001
3.942700e+001
4.501600e+001
4.110850e+001
4.396300e+001
4.134200e+001
4.123850e+001
4.072000e+001
3.976450e+001
4.233500e+001
4.072150e+001
4.390900e+001
4.293650e+001
4.587900e+001
4.289150e+001
4.305900e+001
4.533650e+001
4.365350e+001
4.151500e+001
4.258400e+001
4.201350e+001
4.341600e+001
4.252250e+001
4.246600e+001
4.420650e+001
4.275650e+001
4.283450e+001
4.404550e+001
4.510800e+001
4.294300e+001
4.445900e+001
4.563850e+001
4.397000e+001
4.655550e+001
3.856250e+001
4.403550e+001
3.982650e+001
4.142500e+001
4.318200e+001
4.169300e+001
4.289250e+001
4.189550e+001
4.209350e+001
4.272200e+001
4.408200e+001
4.416400e+001
4.585750e+001
4.607600e+001
4.619500e+001
4.364950e+001
4.351150e+001
4.767850e+001
4.321700e+001
4.262500e+001
4.096700e+001
4.184300e+001
4.058900e+001
4.066300e+001
4.362000e+001
4.441700e+001
4.308750e+001
4.267450e+001
4.270050e+001
4.113150e+001
4.265100e+001
4.274150e+001
4.407950e+001
4.597900e+001
4.760250e+001
4.295550e+001
4.180800e+001
4.149950e+001
4.410650e+001
4.355050e+001
4.313750e+001
4.423850e+001
4.548100e+001
4.178000e+001
4.421250e+001
4.353500e+001
4.402000e+001
4.426300e+001
4.696950e+001
4.242250e+001
4.123600e+001
4.478400e+001
4.332650e+001
4.026050e+001
4.223750e+001
4.013050e+001
4.241700e+001
4.233650e+001
4.369400e+001
4.178050e+001
3.945350e+001
4.199300e+001
4.396650e+001
4.335900e+001
4.188450e+001
4.471300e+001
4.328150e+001
4.550600e+001
4.345900e+001
4.610500e+001
4.210300e+001
4.483400e+001
4.231500e+001
4.180100e+001
4.135850e+001
4.156050e+001
4.361150e+001
4.269300e+001
3.959150e+001
3.919000e+001
3.963900e+001
4.028100e+001
4.090100e+001
4.267750e+001
4.344400e+001
4.221950e+001
4.196050e+001
4.155300e+001
3.942650e+001
4.187950e+001
4.196250e+001
4.097450e+001
4.143000e+001
4.321000e+001
4.068400e+001
4.062400e+001
4.158100e+001
4.369300e+001
4.220200e+001
4.134300e+001
4.028950e+001
4.160500e+001
3.759050e+001
4.020100e+001
4.102200e+001
4.257750e+001
4.208650e+001
4.156850e+001
3.995250e+001
3.967350e+001
4.314750e+001
4.101150e+001
4.144350e+001
4.059100e+001
3.969300e+001
4.140100e+001
4.057000e+001
4.167750e+001
4.348550e+001
3.913300e+001
4.044550e+001
4.233650e+001
4.217950e+001
4.171650e+001
4.383200e+001
4.300650e+001
4.525100e+001
4.505150e+001
4.325350e+001
4.031100e+001
3.900000e+001
4.184950e+001
4.230450e+001
4.153000e+001
4.076900e+001
4.127950e+001
4.150300e+001
4.679850e+001
4.357900e+001
4.305400e+001
4.343900e+001
3.964200e+001
3.744750e+001
4.122900e+001
4.231600e+001
4.238200e+001
4.060650e+001
3.987700e+001
4.091250e+001
3.959700e+001
4.233850e+001
4.402000e+001
4.166950e+001
4.328100e+001
4.472650e+001
4.203850e+001
4.174000e+001
4.180700e+001
4.274800e+001
4.247700e+001
4.216350e+001
4.134000e+001
4.080150e+001
4.077050e+001
4.080250e+001
4.186700e+001
4.119550e+001
4.234750e+001
4.256500e+001
4.288750e+001
4.102350e+001
4.271600e+001
3.987200e+001
4.159950e+001
4.366950e+001
4.089550e+001
4.262900e+001
4.089850e+001
4.324650e+001
4.090600e+001
4.454900e+001
4.249850e+001
4.392700e+001
4.249350e+001
4.422050e+001
4.343800e+001
4.557300e+001
4.436650e+001
4.179500e+001
4.268100e+001
4.387350e+001
4.222400e+001
4.398500e+001
4.547600e+001
4.237000e+001
4.150400e+001
4.124050e+001
4.321450e+001
4.459050e+001
4.302200e+001
4.029050e+001
